0 1 2 107 0 
1 2 0 107 0 
2 1 0 348 0 
3 1 0 247 0 
32 0 0 204 2 
5 0 2 310 0 
22 0 0 207 0 
7 3 0 373 0 
8 2 2 125 0 
9 1 2 330 0 
10 3 2 406 0 
11 0 2 137 0 
12 2 0 316 0 
13 1 1 475 0 
14 1 1 476 0 
15 1 0 274 0 
16 0 2 129 0 
17 2 0 134 0 
18 2 0 400 0 
19 2 0 325 0 
20 2 2 125 0 
21 0 1 231 0 
50 0 0 250 0 
23 1 2 160 0 
4 0 0 252 0 
26 0 0 258 0 
86 0 0 264 0 
27 2 2 176 0 
28 1 1 411 0 
29 1 1 473 0 
30 1 2 405 0 
31 0 1 486 0 
6 0 0 291 0 
33 3 2 167 0 
34 1 0 498 0 
35 2 0 450 0 
36 2 0 496 0 
37 0 2 153 0 
38 0 1 261 0 
39 0 1 347 0 
40 3 2 326 0 
41 1 1 375 0 
42 1 0 253 0 
43 1 1 461 0 
44 1 0 199 0 
45 1 1 397 0 
46 2 1 284 0 
47 0 2 344 0 
24 0 0 338 0 
49 2 2 142 0 
25 0 0 407 0 
51 2 0 237 0 
52 3 1 249 0 
53 3 2 353 0 
54 3 2 360 0 
55 3 1 470 0 
56 3 0 392 0 
57 1 0 109 0 
58 2 2 199 0 
59 0 2 396 0 
60 3 2 262 0 
61 3 1 157 0 
62 0 1 420 0 
63 1 2 390 0 
64 2 1 324 0 
65 2 2 313 0 
66 2 1 172 0 
67 1 1 260 0 
68 1 2 340 0 
69 1 2 115 0 
70 2 1 134 0 
71 3 1 481 0 
72 2 2 405 0 
73 2 1 342 0 
74 0 1 286 0 
75 2 1 406 0 
76 2 0 143 0 
77 2 2 164 0 
78 3 1 326 0 
79 3 2 382 0 
80 3 1 473 0 
81 2 1 370 0 
82 0 2 311 0 
83 2 1 351 0 
84 3 1 275 0 
85 3 2 473 0 
48 0 0 413 0 
87 0 1 105 0 
88 2 1 219 0 
89 3 2 303 0 
90 2 2 370 0 
91 0 2 470 0 
92 2 0 175 0 
93 0 1 399 0 
94 3 0 291 0 
95 3 2 118 0 
96 2 0 489 0 
97 1 1 232 0 
98 1 1 486 0 
99 3 1 394 0 
99 3 1 394 0 
99 3 1 394 0 
99 3 1 394 0 
99 3 1 394 0 
99 3 1 394 0 
99 3 1 394 0 
99 3 1 394 0 
