0 1 2 378 0
1 1 1 272 0
2 1 2 337 0
3 0 2 248 0
4 1 1 425 0
5 1 0 336 0
6 2 1 224 0
7 0 1 477 0
8 2 0 211 0
9 3 0 388 0
10 3 2 443 0
11 1 1 483 0
12 2 0 366 0
13 0 0 481 0
14 1 0 451 0
15 2 2 243 0
16 0 0 454 0
17 0 1 284 0
18 3 0 216 0
19 3 0 456 0
20 2 0 322 0
21 3 1 218 0
22 0 1 208 0
23 1 1 423 0
24 0 2 300 0
25 1 0 323 0
26 2 2 290 0
27 1 1 397 0
28 0 0 254 0
29 2 2 417 0
30 0 2 499 0
31 1 0 498 0
32 1 1 354 0
33 1 0 389 0
34 3 1 414 0
35 0 0 426 0
36 1 2 381 0
37 1 2 464 0
38 1 1 347 0
39 1 0 440 0
40 3 0 344 0
41 2 2 248 0
42 2 0 439 0
43 1 0 389 0
44 1 1 479 0
45 2 2 401 0
46 2 2 377 0
47 3 1 207 0
48 0 2 213 0
49 2 1 463 0
50 3 2 498 0
51 1 0 348 0
52 3 1 493 0
53 3 0 347 0
54 2 2 375 0
55 0 1 384 0
56 0 0 280 0
57 0 1 475 0
58 0 0 337 0
59 2 1 401 0
60 0 1 424 0
61 2 1 395 0
62 3 0 284 0
63 3 1 297 0
64 1 1 315 0
65 2 1 257 0
66 1 2 429 0
67 1 0 286 0
68 0 0 294 0
69 3 0 235 0
70 2 0 472 0
71 3 1 412 0
72 0 2 258 0
73 1 0 478 0
74 3 0 386 0
75 2 2 484 0
76 0 0 235 0
77 1 1 301 0
78 0 1 321 0
79 1 2 403 0
80 2 1 426 0
81 0 0 449 0
82 0 1 469 0
83 3 2 484 0
84 2 0 242 0
85 1 2 274 0
86 0 1 327 0
87 1 1 410 0
88 1 0 457 0
89 2 1 209 0
90 3 2 313 0
91 1 2 351 0
92 0 1 246 0
93 3 0 231 0
94 3 0 274 0
95 3 1 478 0
96 2 0 272 0
97 0 0 331 0
98 3 1 209 0
99 0 2 323 0
